[OpenGL%20widget%20settings]
Background%20color=@Variant(\0\0\0\x43\x1\xff\xff\xff\xff\xff\xff\xff\xff\0\0)
Edge%20color=@Variant(\0\0\0\x43\x1\xff\xff\xaf\xaf\x97\x97  \0\0)
Edge%20type=0
Projection%20type=0
Rotating%20X=-11.777465788800255
Rotating%20Y=33.74084793548181
Rotating%20Z=0
Scalling%20X=1.7177890502618562
Scalling%20Y=1.7177890502618562
Scalling%20Z=1.7177890502618562
Size%20point=1
Thickness%20size=1
Translation%20X=0
Translation%20Y=0
Translation%20Z=0
Vertex%20color=@Variant(\0\0\0\x43\x1\xff\xff\0\0\0\0\0\0\0\0)
Vertex%20type=1
